#PP 2.0

01_AE-MG760422     CACCGCUUAAAGCCUCAAUAAAGCUUGCCUURAGUGCCUAAAGUGGUG

#END

#SECTION BASEPAIRS

#BPCUT 0.001

34 38 0.002603
33 39 0.002468
25 33 0.02422
27 37 0.05841
23 35 0.02588
21 25 0.02433
22 30 0.08675
20 31 0.006205
19 34 0.002448
17 35 0.01632
17 26 0.395
19 27 0.03641
28 36 0.05859
18 35 0.002462
15 33 0.7495
20 26 0.04123
18 25 0.3107
14 23 0.01123
13 34 0.003189
15 22 0.01805
13 23 0.09706
12 38 0.02855
12 29 0.001114
11 30 0.001153
10 31 0.001017
21 31 0.07255
8 41 0.8388
21 30 0.00692
28 34 0.01867
16 36 0.01497
8 40 0.02286
10 26 0.09253
16 27 0.3975
7 41 0.01146
11 25 0.1041
24 36 0.003475
6 43 0.9997
17 31 0.1521
4 45 0.9997
9 39 0.03214
12 37 0.8484
27 35 0.01773
5 44 0.9989
23 37 0.003435
18 30 0.135
12 24 0.106
7 42 0.9766
3 46 0.9997
13 36 0.8606
11 39 0.03703
23 29 0.08806
24 34 0.0262
2 47 0.9941
14 34 0.7827
12 35 0.003309
1 48 0.9437

#END
