#PP 2.0

B-HM469983         CACUGCUUAAGCCUCAAUAAAGCUUGCCUUGMGUGCUUCAAGUAGUG

#END

#SECTION BASEPAIRS

#BPCUT 0.001

27 35 0.001466
25 31 0.001337
20 30 0.2998
22 28 0.3232
20 29 0.03968
17 29 0.3627
22 29 0.0028
18 31 0.03883
16 30 0.4563
23 35 0.002787
16 25 0.02457
15 35 0.01079
13 22 0.008591
17 24 0.0195
19 25 0.07184
18 33 0.03628
12 35 0.9771
12 22 0.004812
11 36 0.9895
10 38 0.002644
10 37 0.9848
10 24 0.005199
4 44 0.999
9 38 0.9508
21 30 0.003942
20 38 0.002115
8 40 0.959
7 41 0.9964
17 34 0.03772
23 33 0.008619
18 26 0.0626
16 34 0.04348
11 23 0.005254
20 24 0.04219
14 21 0.008206
5 43 0.9995
8 26 0.001927
15 26 0.02449
9 25 0.004844
26 36 0.001462
22 34 0.008539
6 42 0.9999
26 34 0.009217
2 46 0.9943
22 36 0.002787
21 29 0.3209
19 30 0.0421
27 33 0.009429
3 45 0.9999
15 31 0.4666
21 37 0.002692
1 47 0.9438

#END
