#PP 2.0

CF1-KU749397       CACUGCUUAAGCCUCAAUAAAGCUUGCCUUGAGUGCUYUAAAAAAAGUG

#END

#SECTION BASEPAIRS

#BPCUT 0.001

37 46 0.004918
36 47 0.005028
21 29 0.02789
20 30 0.006751
22 28 0.03452
20 29 0.00188
18 26 0.1244
17 29 0.7462
16 30 0.9401
15 31 0.9698
14 32 0.9697
19 25 0.1429
17 24 0.01894
13 22 0.00133
12 35 0.9698
12 26 0.002527
13 33 0.9694
12 22 0.002369
35 48 0.004536
11 36 0.9699
11 27 0.0013
11 23 0.00258
10 37 0.9286
10 24 0.00254
9 30 0.02715
15 26 0.02361
9 25 0.002297
8 45 0.005505
8 43 0.003763
8 42 0.04597
8 41 0.06659
5 48 0.007873
8 31 0.02724
10 29 0.02706
7 44 0.004462
16 25 0.02369
7 43 0.05927
8 26 0.001659
20 24 0.08385
14 21 0.001401
7 42 0.06262
7 41 0.5411
4 49 0.001302
7 46 0.007739
6 33 0.02722
4 32 0.002214
8 40 0.6278
6 47 0.008299
4 46 0.9202
3 33 0.00227
5 34 0.02627
11 28 0.02574
2 48 0.9276
3 47 0.9328
2 34 0.002272
4 35 0.004589
1 49 0.8806
9 39 0.6239
7 32 0.02727
1 35 0.002203

#END
