#PP 2.0

GU111555           CACUGCUUGGAAGCUCAAUAAA-GCUUGCCUUGAGUGAGUAAAGCAGUG--

#END

#SECTION BASEPAIRS

#BPCUT 0.001

22 31 0.003156
21 32 0.002926
24 36 0.001108
21 26 0.2587
21 27 0.07929
16 33 0.9928
14 39 0.005748
8 41 0.09214
16 37 0.005751
19 28 0.2927
27 33 0.001608
17 36 0.004387
9 40 0.137
18 31 0.7948
15 38 0.005752
13 36 0.9854
8 42 0.8745
22 26 0.04766
20 27 0.3381
17 32 0.9746
7 43 0.9496
7 42 0.04571
26 34 0.001689
6 44 0.9999
14 35 0.9928
25 35 0.001697
5 45 1
1 49 0.9698
4 46 0.9995
13 40 0.004799
3 47 0.9999
15 34 0.9926
2 48 0.9967

#END
