#PP 2.0

KY392777           -CACUGCUUAAGCCUCAAUAAA-GCUUGCCUUGAGUGACUUGAGUAGUG--

#END

#SECTION BASEPAIRS

#BPCUT 0.001

22 31 0.002001
21 32 0.001719
21 26 0.2596
22 26 0.04782
17 32 0.9779
20 27 0.3393
21 27 0.07956
16 33 0.9962
15 34 0.9959
18 31 0.7976
11 40 0.9984
9 42 0.9986
26 34 0.001214
8 43 0.9994
14 35 0.9931
25 35 0.00122
7 44 1
6 45 0.9995
19 28 0.2937
4 47 0.9999
16 37 0.003259
15 38 0.00296
27 33 0.001155
17 36 0.002487
5 46 0.999
12 39 0.9967
10 41 0.9975
3 48 0.9972
2 49 0.9742

#END
