#PP 2.0

Z11530             -CACUGCUUAAGCCUCAAUAAA-GCUUGCCUUGAGUGACUUUCAAGUAGUG

#END

#SECTION BASEPAIRS

#BPCUT 0.001

38 42 0.00189
37 43 0.002494
36 44 0.001173
35 41 0.01343
34 42 0.01482
32 44 0.01245
31 45 0.005214
22 31 0.004745
21 32 0.004594
24 36 0.002223
21 26 0.2534
19 28 0.2867
16 37 0.009108
15 38 0.008602
33 43 0.01493
14 35 0.9673
15 34 0.972
13 35 0.002479
13 24 0.0169
12 40 0.01363
12 25 0.01697
30 46 0.001795
12 39 0.9371
27 33 0.003016
17 36 0.00695
11 41 0.02937
11 26 0.01684
26 34 0.003169
12 41 0.005643
10 42 0.03966
10 27 0.01597
25 35 0.003184
11 42 0.007286
9 28 0.01141
21 27 0.07766
16 33 0.9723
8 45 0.9813
5 48 0.9983
12 36 0.003839
18 31 0.7785
11 40 0.9231
7 46 0.9977
4 49 0.9992
10 41 0.7469
6 47 0.9982
22 26 0.04668
20 27 0.3312
17 32 0.9545
9 44 0.8008
3 50 0.9944
2 51 0.9512

#END
